32 16 
5 8 
5 5 5 5 5 5 5 5 5 5 5 5 5 5 5 5 3 3 3 3 3 3 3 3 3 3 3 3 3 3 3 3 
8 8 8 8 8 8 8 8 8 8 8 8 8 8 8 8 
2 3 5 10 15 
3 4 6 11 16 
1 4 7 12 13 
1 2 8 9 14 
4 5 8 9 13 
1 5 6 10 14 
2 6 7 11 15 
3 7 8 12 16 
1 5 9 11 13 
2 6 10 12 14 
3 7 9 11 15 
4 8 10 12 16 
3 5 9 13 14 
4 6 10 14 15 
1 7 11 15 16 
2 8 12 13 16 
1 5 13 0 0 
2 6 14 0 0 
3 7 15 0 0 
4 8 16 0 0 
2 5 9 0 0 
3 6 10 0 0 
4 7 11 0 0 
1 8 12 0 0 
5 12 13 0 0 
6 9 14 0 0 
7 10 15 0 0 
8 11 16 0 0 
1 9 13 0 0 
2 10 14 0 0 
3 11 15 0 0 
4 12 16 0 0 
3 4 6 9 15 17 24 29 
1 4 7 10 16 18 21 30 
1 2 8 11 13 19 22 31 
2 3 5 12 14 20 23 32 
1 5 6 9 13 17 21 25 
2 6 7 10 14 18 22 26 
3 7 8 11 15 19 23 27 
4 5 8 12 16 20 24 28 
4 5 9 11 13 21 26 29 
1 6 10 12 14 22 27 30 
2 7 9 11 15 23 28 31 
3 8 10 12 16 24 25 32 
3 5 9 13 16 17 25 29 
4 6 10 13 14 18 26 30 
1 7 11 14 15 19 27 31 
2 8 12 15 16 20 28 32