64 46
4 6
4 4 4 4 4 4 4 4 4 4 4 4 4 4 4 4 4 4 4 4 4 4 4 4 4 4 4 4 4 4 4 4 4 4 4 4 4 4 4 4 4 4 4 4 4 4 4 4 4 4 4 4 4 4 4 4 4 4 4 4 4 4 4 4 
5 5 5 6 5 6 5 6 6 6 6 6 6 6 5 5 6 6 5 5 6 6 6 5 5 5 5 5 6 5 5 5 6 6 6 6 5 6 6 5 6 6 5 6 6 6 
16 18 22 29 
3 11 14 33 
6 22 41 42 
4 10 11 13 
4 17 25 36 
12 20 35 38 
8 31 39 45 
23 33 36 46 
4 18 24 32 
21 22 37 39 
5 13 41 45 
5 21 33 38 
9 24 27 33 
6 19 37 44 
14 15 31 40 
7 28 41 46 
4 28 37 40 
4 5 14 26 
13 15 17 26 
1 8 25 29 
10 34 40 41 
1 15 16 46 
18 33 42 45 
17 23 29 41 
2 20 24 34 
13 21 35 36 
12 19 26 36 
12 27 42 44 
1 3 9 43 
5 9 10 29 
8 32 38 44 
8 14 18 20 
11 19 23 39 
16 17 27 40 
20 25 28 39 
26 30 43 45 
13 18 30 37 
6 27 31 46 
2 6 12 32 
3 10 22 28 
21 24 29 44 
1 11 30 34 
5 7 27 39 
23 24 31 42 
18 31 34 36 
2 11 38 46 
10 17 30 44 
7 8 23 34 
19 20 41 43 
12 30 33 39 
4 9 16 44 
9 23 35 37 
26 28 32 42 
6 25 38 45 
16 32 35 45 
10 21 43 46 
3 6 34 35 
7 15 19 21 
2 7 9 14 
36 38 40 43 
11 25 35 42 
3 12 15 29 
1 13 14 22 
2 8 17 22 
42 63 29 20 22 0 
46 64 39 59 25 0 
40 2 57 62 29 0 
17 5 4 9 18 51 
30 12 43 18 11 0 
39 14 54 38 3 57 
43 16 58 48 59 0 
7 48 31 32 20 64 
13 59 51 29 30 52 
4 47 30 40 21 56 
2 61 46 33 4 42 
6 62 50 27 28 39 
11 4 19 26 37 63 
15 18 63 2 32 59 
19 22 62 15 58 0 
22 1 55 51 34 0 
24 19 64 34 5 47 
32 23 1 37 9 45 
33 58 49 14 27 0 
35 25 32 49 6 0 
41 26 10 56 12 58 
1 10 3 63 64 40 
8 52 48 24 33 44 
44 9 13 41 25 0 
5 20 35 54 61 0 
18 27 36 53 19 0 
34 28 38 43 13 0 
16 53 40 35 17 0 
20 24 41 30 1 62 
37 50 42 47 36 0 
45 15 44 7 38 0 
9 55 53 39 31 0 
23 13 12 2 8 50 
25 21 45 42 57 48 
26 57 52 6 55 61 
27 8 5 45 26 60 
14 17 37 52 10 0 
12 6 60 31 46 54 
10 7 33 50 35 43 
21 60 34 17 15 0 
3 11 16 21 24 49 
28 3 61 44 23 53 
29 49 56 36 60 0 
31 51 47 28 14 41 
36 54 11 23 7 55 
38 56 8 22 16 46 
