64 32
4 7
4 4 4 4 4 4 4 4 4 4 4 4 4 4 4 4 4 4 4 4 4 4 4 4 4 4 4 4 4 4 4 4 3 2 2 2 2 2 2 2 2 2 2 2 2 2 2 2 2 2 2 2 2 2 2 2 2 2 2 2 2 2 2 2 
6 6 6 6 6 6 6 5 6 6 6 6 6 6 6 6 6 6 6 6 6 6 6 6 7 6 6 6 6 7 6 6 
10 16 18 28 
7 12 25 26 
1 16 22 31 
9 12 13 16 
3 7 17 21 
6 14 26 31 
21 25 29 31 
17 23 28 29 
2 3 8 27 
15 23 24 31 
6 15 20 28 
4 12 14 27 
5 20 22 29 
2 5 6 10 
3 23 30 32 
16 19 20 32 
6 18 25 27 
1 12 24 30 
9 11 15 32 
4 13 15 18 
1 2 18 19 
3 10 22 25 
2 9 21 24 
4 5 23 25 
1 7 8 11 
13 19 29 30 
4 9 17 22 
7 10 13 32 
5 11 14 24 
8 19 21 26 
14 17 20 30 
11 26 28 30 
7 27 29 0 
7 19 0 0 
13 31 0 0 
16 21 0 0 
15 29 0 0 
11 31 0 0 
8 20 0 0 
13 17 0 0 
21 32 0 0 
6 17 0 0 
11 22 0 0 
3 15 0 0 
24 25 0 0 
10 12 0 0 
12 28 0 0 
2 28 0 0 
23 26 0 0 
1 3 0 0 
22 26 0 0 
14 25 0 0 
9 27 0 0 
14 16 0 0 
6 30 0 0 
2 4 0 0 
5 18 0 0 
18 30 0 0 
27 32 0 0 
5 19 0 0 
1 4 0 0 
9 20 0 0 
8 23 0 0 
10 24 0 0 
61 50 21 3 18 25 0 
48 56 23 14 9 21 0 
50 44 22 9 5 15 0 
56 61 24 12 20 27 0 
60 57 14 13 24 29 0 
55 42 17 6 14 11 0 
34 33 25 28 2 5 0 
63 39 9 25 30 0 0 
62 53 27 4 19 23 0 
64 46 28 1 22 14 0 
38 43 29 19 32 25 0 
46 47 4 2 18 12 0 
40 35 26 4 28 20 0 
54 52 12 29 31 6 0 
44 37 20 11 10 19 0 
36 54 16 1 3 4 0 
42 40 8 5 27 31 0 
57 58 1 20 21 17 0 
34 60 30 21 26 16 0 
39 62 31 16 11 13 0 
41 36 5 30 7 23 0 
43 51 13 22 27 3 0 
49 63 15 24 8 10 0 
45 64 10 23 29 18 0 
52 45 2 7 17 22 24 
51 49 6 2 32 30 0 
53 59 33 17 12 9 0 
47 48 11 32 8 1 0 
37 33 7 26 13 8 0 
58 55 18 31 15 26 32 
35 38 3 10 6 7 0 
59 41 19 15 16 28 0 
