64 46
3 5
3 3 3 3 3 3 3 3 3 3 3 3 3 3 3 3 3 3 3 3 3 3 3 3 3 3 3 3 3 3 3 3 3 3 3 3 3 3 3 3 3 3 3 3 3 3 3 3 3 3 3 3 3 3 3 3 3 3 3 3 3 3 3 3 
4 4 4 4 4 4 4 5 4 5 5 4 4 4 5 4 4 4 4 4 4 4 5 5 4 4 4 5 4 5 4 4 4 4 4 4 4 4 4 4 4 4 5 4 4 3 
12 35 36 
14 40 45 
9 23 36 
25 42 43 
3 10 30 
15 38 41 
11 16 22 
7 11 31 
15 40 43 
1 14 22 
16 18 37 
33 35 44 
1 12 24 
9 18 41 
13 27 36 
20 26 41 
17 44 45 
11 23 46 
21 23 25 
5 10 29 
1 4 6 
4 23 40 
2 7 8 
3 19 28 
6 20 37 
6 13 21 
29 35 43 
27 30 38 
17 19 31 
2 14 39 
8 9 19 
18 30 44 
4 17 26 
11 30 32 
5 20 36 
16 35 39 
3 13 45 
29 38 46 
13 29 34 
4 8 32 
8 12 15 
24 28 46 
28 32 37 
16 25 34 
10 37 40 
14 33 38 
5 7 42 
25 26 27 
21 31 39 
32 42 45 
21 24 44 
2 18 43 
10 24 41 
5 15 17 
22 26 28 
1 19 43 
20 31 34 
9 33 42 
6 11 33 
8 10 22 
12 30 34 
7 24 27 
2 3 23 
15 28 39 
10 21 56 13 0 
23 63 52 30 0 
24 5 63 37 0 
33 22 40 21 0 
35 47 54 20 0 
21 25 59 26 0 
8 62 47 23 0 
40 23 41 31 60 
3 14 31 58 0 
5 20 60 45 53 
18 8 7 34 59 
1 13 61 41 0 
39 26 37 15 0 
2 10 30 46 0 
41 9 6 54 64 
11 7 44 36 0 
17 54 33 29 0 
14 52 32 11 0 
31 56 29 24 0 
25 57 35 16 0 
26 51 49 19 0 
7 60 55 10 0 
22 19 3 18 63 
13 53 51 42 62 
19 48 4 44 0 
16 55 48 33 0 
28 15 62 48 0 
42 24 64 43 55 
20 27 39 38 0 
34 28 5 32 61 
29 49 8 57 0 
43 50 34 40 0 
12 59 46 58 0 
44 61 57 39 0 
36 1 12 27 0 
15 3 1 35 0 
45 11 43 25 0 
46 6 38 28 0 
30 64 36 49 0 
9 2 45 22 0 
6 16 53 14 0 
4 58 50 47 0 
27 4 9 52 56 
32 12 17 51 0 
37 17 2 50 0 
38 18 42 0 0 
