64 32
3 6
3 3 3 3 3 3 3 3 3 3 3 3 3 3 3 3 3 3 3 3 3 3 3 3 3 3 3 3 3 3 3 3 3 3 3 3 3 3 3 3 3 3 3 3 3 3 3 3 3 3 3 3 3 3 3 3 3 3 3 3 3 3 3 3 
6 6 6 6 6 6 6 6 6 6 6 6 6 6 6 6 6 6 6 6 6 6 6 6 6 6 6 6 6 6 6 6 
26 27 29 
21 28 29 
2 8 23 
3 20 32 
1 12 13 
6 13 28 
17 30 31 
18 25 27 
5 6 24 
1 10 19 
5 16 21 
2 14 32 
1 9 18 
12 16 30 
3 9 15 
10 28 32 
7 26 30 
3 4 27 
13 14 31 
2 4 10 
6 11 22 
7 15 25 
17 19 23 
8 18 20 
4 12 22 
24 26 32 
7 21 22 
5 8 11 
8 12 15 
11 23 24 
9 16 25 
17 18 28 
8 10 29 
13 23 27 
3 16 31 
17 20 22 
7 11 32 
1 14 26 
20 29 31 
2 12 29 
16 19 20 
6 25 31 
4 14 18 
15 18 24 
5 27 30 
5 10 31 
11 13 21 
15 23 28 
9 10 30 
4 24 28 
3 7 23 
3 17 21 
11 19 25 
12 25 32 
1 2 17 
8 22 26 
2 16 27 
14 15 19 
9 21 24 
14 22 29 
4 9 13 
5 19 26 
1 6 30 
6 7 20 
13 55 10 38 5 63 
3 57 12 55 20 40 
18 52 15 35 4 51 
25 61 20 50 18 43 
28 62 11 45 9 46 
9 63 21 42 6 64 
17 64 27 51 22 37 
29 56 28 33 3 24 
15 59 13 49 31 61 
20 33 16 46 10 49 
21 37 30 47 28 53 
5 40 14 54 25 29 
6 34 5 61 19 47 
12 43 19 58 60 38 
22 58 29 48 15 44 
14 35 31 57 11 41 
23 36 32 52 7 55 
24 44 8 43 13 32 
10 53 23 41 62 58 
4 41 24 64 36 39 
11 47 2 59 27 52 
27 60 25 36 21 56 
30 51 3 34 23 48 
26 50 9 44 30 59 
31 42 22 53 8 54 
1 38 26 56 17 62 
8 45 18 1 34 57 
32 48 6 2 16 50 
2 39 1 40 33 60 
7 49 17 63 14 45 
19 46 7 39 35 42 
16 54 4 37 12 26 
