64 46
4 4
4 4 4 4 4 4 4 4 4 4 4 4 4 4 4 4 4 4 3 2 2 2 2 2 2 2 2 2 2 2 2 2 2 2 2 2 2 2 2 2 2 2 2 2 2 2 2 2 2 2 2 2 2 2 2 2 2 2 2 2 2 2 2 2 
4 3 4 4 3 3 4 4 4 3 4 4 4 4 4 3 4 3 3 4 4 4 4 4 4 3 3 4 4 3 3 4 3 3 4 3 3 3 4 4 3 3 3 4 4 4 
6 14 29 35 
3 16 18 21 
8 9 28 45 
5 28 39 40 
4 7 19 24 
10 15 29 31 
13 15 17 25 
11 12 26 41 
2 20 22 33 
9 21 34 46 
1 14 25 42 
12 30 32 36 
1 7 20 46 
13 24 27 44 
3 32 35 45 
11 22 40 44 
23 38 39 43 
4 8 17 37 
23 26 34 0 
5 21 0 0 
19 35 0 0 
6 17 0 0 
7 30 0 0 
8 41 0 0 
8 29 0 0 
11 35 0 0 
16 37 0 0 
1 16 0 0 
9 22 0 0 
2 3 0 0 
3 15 0 0 
19 28 0 0 
36 40 0 0 
11 46 0 0 
24 38 0 0 
37 40 0 0 
6 34 0 0 
12 18 0 0 
10 38 0 0 
13 20 0 0 
14 27 0 0 
9 30 0 0 
13 32 0 0 
4 31 0 0 
5 25 0 0 
7 43 0 0 
22 42 0 0 
17 36 0 0 
21 24 0 0 
33 39 0 0 
20 29 0 0 
18 28 0 0 
14 39 0 0 
23 32 0 0 
2 43 0 0 
25 41 0 0 
26 31 0 0 
1 44 0 0 
23 42 0 0 
12 27 0 0 
44 45 0 0 
10 45 0 0 
15 46 0 0 
4 33 0 0 
58 28 11 13 
55 30 9 0 
30 31 15 2 
64 44 5 18 
20 45 4 0 
22 37 1 0 
23 46 13 5 
24 25 18 3 
29 42 10 3 
39 62 6 0 
34 26 16 8 
38 60 8 12 
40 43 14 7 
41 53 11 1 
31 63 7 6 
28 27 2 0 
48 22 7 18 
52 38 2 0 
21 32 5 0 
51 40 13 9 
20 49 10 2 
47 29 9 16 
54 59 19 17 
49 35 5 14 
45 56 7 11 
57 19 8 0 
60 41 14 0 
32 52 3 4 
25 51 1 6 
42 23 12 0 
44 57 6 0 
43 54 15 12 
50 64 9 0 
37 19 10 0 
26 21 1 15 
33 48 12 0 
27 36 18 0 
35 39 17 0 
53 50 4 17 
36 33 4 16 
56 24 8 0 
59 47 11 0 
46 55 17 0 
61 58 16 14 
62 61 3 15 
63 34 13 10 
