64 18
3 10
3 3 3 3 3 3 3 3 3 3 3 3 3 3 3 3 3 3 3 3 3 3 3 3 3 3 3 3 3 3 3 3 3 3 3 3 3 3 3 3 3 3 3 3 3 3 3 2 2 2 2 2 2 2 2 2 2 2 2 2 2 2 2 2 
10 10 10 9 10 10 10 10 9 10 10 9 9 10 10 10 10 9 
2 4 7 
4 6 15 
6 10 13 
5 8 9 
5 10 11 
1 6 11 
10 12 14 
2 14 16 
3 5 12 
8 13 15 
7 8 16 
2 9 12 
9 17 18 
4 12 13 
7 9 15 
11 16 18 
3 16 17 
1 12 15 
3 14 18 
7 14 17 
2 5 13 
6 7 18 
8 10 12 
4 10 16 
6 9 16 
1 13 14 
3 11 15 
1 5 7 
2 5 16 
2 8 18 
4 9 14 
7 12 17 
1 4 17 
9 10 11 
3 11 14 
8 13 14 
5 15 17 
1 2 3 
1 10 18 
2 6 17 
6 8 15 
10 15 16 
2 7 11 
1 3 6 
11 13 17 
3 4 8 
4 5 18 
3 9 0 
1 9 0 
7 10 0 
6 14 0 
8 11 0 
7 13 0 
1 16 0 
2 10 0 
4 11 0 
5 17 0 
6 12 0 
15 16 0 
15 18 0 
5 14 0 
3 13 0 
8 17 0 
12 18 0 
49 54 18 26 39 28 38 6 33 44 
55 1 12 38 40 21 30 8 29 43 
48 62 19 27 46 9 44 17 35 38 
56 2 14 31 47 1 33 46 24 0 
61 57 9 28 5 29 37 4 21 47 
58 51 3 25 44 6 41 2 22 40 
53 50 20 22 11 32 43 1 15 28 
63 52 11 23 41 4 36 10 30 46 
48 49 4 34 12 15 25 13 31 0 
50 55 5 24 7 34 42 3 23 39 
52 56 6 35 43 16 27 5 34 45 
64 58 7 32 14 18 23 9 12 0 
62 53 10 21 3 26 45 14 36 0 
51 61 8 36 20 31 35 7 19 26 
59 60 15 37 42 2 10 18 27 41 
54 59 16 29 8 17 24 11 25 42 
57 63 17 33 45 13 40 20 32 37 
60 64 13 30 19 22 39 47 16 0 
