64 18
4 15
4 4 4 4 4 4 4 4 4 4 4 4 4 4 4 4 4 4 4 4 4 4 4 4 4 4 4 4 4 4 4 4 4 4 4 4 4 4 4 4 4 4 4 4 4 4 4 4 4 4 4 4 4 4 4 4 4 4 4 4 4 4 4 4 
14 15 14 14 14 14 14 14 15 14 14 14 14 14 15 14 14 15 
1 14 16 17 
6 9 15 18 
5 10 16 17 
4 5 7 17 
1 3 8 15 
10 13 15 16 
2 8 9 10 
2 11 12 18 
3 9 13 14 
1 10 12 16 
6 7 13 15 
3 4 6 17 
1 4 5 8 
6 8 11 17 
7 9 12 14 
2 8 13 16 
9 11 17 18 
2 7 10 11 
6 16 17 18 
5 10 11 14 
8 10 12 15 
3 4 12 15 
7 12 15 17 
1 4 5 9 
2 4 5 18 
10 13 15 17 
1 4 9 18 
6 10 14 18 
8 11 12 16 
5 6 11 12 
7 8 9 18 
2 3 7 10 
1 5 11 16 
5 6 9 15 
3 7 10 16 
1 6 8 18 
2 3 5 13 
2 12 13 17 
4 6 7 16 
4 13 14 17 
3 4 14 18 
2 3 9 16 
1 3 15 18 
8 10 12 14 
1 11 13 14 
7 9 14 15 
2 9 17 18 
6 9 14 16 
4 8 10 13 
2 3 4 12 
5 7 11 13 
3 11 12 15 
2 5 6 14 
2 4 11 15 
1 4 12 13 
6 8 12 17 
10 13 14 18 
8 9 13 16 
3 5 14 18 
3 7 15 17 
1 2 7 8 
1 2 5 15 
1 6 9 11 
7 11 16 18 
5 33 43 61 10 36 62 1 24 45 63 13 27 55 0 
7 25 50 62 18 47 54 16 37 38 53 8 32 42 61 
9 35 52 5 12 32 37 50 41 42 60 22 43 59 0 
12 27 40 55 22 24 49 13 39 50 4 25 41 54 0 
13 34 37 3 30 51 59 4 25 33 62 20 24 53 0 
14 36 39 2 28 53 63 11 12 30 56 19 34 48 0 
15 32 46 4 11 31 61 18 35 51 64 23 39 60 0 
16 21 44 56 13 29 58 5 14 31 61 7 36 49 0 
17 24 48 58 15 34 42 7 27 47 2 9 31 46 63 
3 28 49 7 20 26 57 10 21 32 6 18 35 44 0 
18 29 45 63 17 33 64 8 20 52 54 14 30 51 0 
10 30 38 8 23 52 56 15 22 44 55 21 29 50 0 
11 26 51 6 38 45 55 9 40 49 58 16 37 57 0 
1 20 53 59 9 41 44 48 28 46 57 15 40 45 0 
2 22 54 60 21 43 46 6 23 34 5 11 26 52 62 
6 19 42 64 16 35 39 3 29 48 1 10 33 58 0 
4 23 47 1 14 40 60 17 19 26 3 12 38 56 0 
8 31 41 57 19 25 27 2 36 43 59 17 28 47 64 
