64 46
3 4
3 3 3 3 3 3 3 3 3 3 3 3 3 3 3 3 3 3 3 2 2 2 2 2 2 2 2 2 2 2 2 2 2 2 2 2 2 2 2 2 2 2 2 2 2 2 2 2 2 2 2 2 2 2 2 2 2 2 2 2 2 2 2 2 
3 4 3 3 3 3 4 3 3 3 4 4 4 3 4 3 3 3 3 3 3 3 3 3 3 4 4 4 3 3 3 3 3 3 3 3 4 3 3 3 3 3 2 3 3 3 
25 31 41 
12 27 31 
25 32 37 
19 26 36 
20 28 29 
17 21 24 
8 10 30 
4 12 16 
7 23 40 
27 34 45 
11 14 37 
1 2 42 
5 13 35 
2 9 46 
7 38 39 
28 33 44 
15 22 26 
3 11 13 
6 15 18 
12 42 0 
5 44 0 
3 45 0 
6 37 0 
4 15 0 
24 42 0 
1 8 0 
32 40 0 
4 13 0 
7 30 0 
5 17 0 
2 41 0 
6 20 0 
11 46 0 
18 27 0 
14 43 0 
12 19 0 
13 20 0 
21 36 0 
10 25 0 
3 8 0 
16 46 0 
26 43 0 
10 22 0 
7 33 0 
23 26 0 
17 27 0 
9 28 0 
9 34 0 
21 37 0 
22 28 0 
29 41 0 
15 38 0 
24 29 0 
32 45 0 
18 30 0 
31 33 0 
34 39 0 
1 35 0 
23 35 0 
2 38 0 
14 39 0 
11 19 0 
16 40 0 
36 44 0 
26 58 12 0 
31 60 12 14 
22 40 18 0 
24 28 8 0 
21 30 13 0 
32 23 19 0 
29 44 9 15 
40 26 7 0 
48 47 14 0 
43 39 7 0 
62 33 18 11 
20 36 8 2 
28 37 13 18 
35 61 11 0 
52 24 17 19 
41 63 8 0 
30 46 6 0 
34 55 19 0 
36 62 4 0 
37 32 5 0 
49 38 6 0 
50 43 17 0 
59 45 9 0 
25 53 6 0 
39 1 3 0 
45 42 17 4 
46 34 10 2 
47 50 5 16 
53 51 5 0 
55 29 7 0 
56 2 1 0 
27 54 3 0 
44 56 16 0 
57 48 10 0 
58 59 13 0 
38 64 4 0 
23 49 11 3 
60 52 15 0 
61 57 15 0 
63 27 9 0 
51 31 1 0 
20 25 12 0 
42 35 0 0 
64 21 16 0 
54 22 10 0 
33 41 14 0 
