64 32
3 6
3 3 3 3 3 3 3 3 3 3 3 3 3 3 3 3 3 3 3 3 3 3 3 3 3 3 3 3 3 3 3 3 3 2 2 2 2 2 2 2 2 2 2 2 2 2 2 2 2 2 2 2 2 2 2 2 2 2 2 2 2 2 2 2 
5 5 5 5 5 5 5 5 5 5 5 5 5 5 5 5 5 5 5 5 5 5 5 5 5 5 6 5 5 5 5 5 
2 28 29 
6 21 29 
1 16 25 
5 26 31 
10 14 32 
8 12 31 
12 23 29 
2 3 22 
9 13 18 
6 7 18 
12 24 32 
15 19 23 
11 14 27 
4 21 32 
3 11 24 
5 10 13 
2 15 16 
9 22 25 
11 17 29 
3 5 7 
4 17 22 
20 24 28 
6 15 30 
16 17 27 
7 13 23 
14 25 26 
10 20 30 
1 8 19 
19 28 31 
18 20 26 
8 21 27 
1 4 28 
9 27 30 
24 25 0 
5 17 0 
2 31 0 
9 32 0 
12 16 0 
10 29 0 
13 15 0 
4 26 0 
6 14 0 
17 18 0 
8 25 0 
9 31 0 
7 32 0 
3 21 0 
1 6 0 
2 18 0 
11 13 0 
8 10 0 
4 15 0 
14 16 0 
5 24 0 
1 11 0 
3 30 0 
12 30 0 
19 20 0 
20 22 0 
19 21 0 
7 22 0 
23 26 0 
23 27 0 
27 28 0 
48 55 28 3 32 0 
49 36 8 1 17 0 
47 56 15 8 20 0 
52 41 21 32 14 0 
54 35 20 16 4 0 
42 48 23 10 2 0 
46 61 25 20 10 0 
44 51 6 31 28 0 
45 37 9 33 18 0 
51 39 27 5 16 0 
55 50 13 15 19 0 
57 38 11 7 6 0 
50 40 16 9 25 0 
53 42 5 26 13 0 
40 52 12 17 23 0 
38 53 17 24 3 0 
35 43 24 19 21 0 
43 49 10 30 9 0 
58 60 29 12 28 0 
59 58 30 27 22 0 
60 47 14 2 31 0 
61 59 18 21 8 0 
62 63 7 25 12 0 
34 54 22 11 15 0 
34 44 3 18 26 0 
41 62 26 4 30 0 
63 64 31 13 24 33 
64 1 32 22 29 0 
39 2 19 1 7 0 
56 57 33 23 27 0 
36 45 4 6 29 0 
37 46 5 14 11 0 
