64 18 
3 11 
3 3 3 3 3 3 3 3 3 3 3 3 3 3 3 3 3 3 3 3 3 3 3 3 3 3 3 3 3 3 3 3 3 3 3 3 3 3 3 3 3 3 3 3 3 3 3 3 3 3 3 3 3 3 3 3 3 3 3 3 3 3 3 3 
11 11 10 11 11 11 11 11 11 10 10 11 10 10 10 11 11 11 
2 4 5 
7 9 12 
1 4 18 
1 11 12 
10 13 17 
5 6 13 
3 6 12 
9 13 14 
7 11 16 
7 8 10 
4 10 14 
2 9 17 
3 7 14 
4 8 15 
5 12 14 
3 13 16 
11 17 18 
5 8 18 
3 4 17 
8 12 16 
14 15 16 
5 9 11 
2 3 11 
1 6 17 
6 15 17 
9 10 18 
2 7 13 
6 7 12 
1 2 8 
3 10 15 
4 5 15 
4 11 13 
1 10 13 
5 10 16 
2 6 18 
1 14 16 
2 9 11 
6 8 14 
11 12 15 
1 3 9 
2 16 18 
12 16 17 
3 15 18 
2 12 13 
7 9 18 
4 5 12 
8 14 17 
7 15 18 
6 10 11 
4 6 9 
1 5 13 
4 7 16 
5 7 17 
1 3 7 
10 12 17 
3 4 8 
1 2 14 
2 6 16 
5 14 18 
8 9 16 
1 10 18 
8 13 15 
6 9 15 
8 11 17 
3 36 51 61 29 33 54 4 24 40 57 
12 27 37 1 35 44 57 23 29 41 58 
7 23 43 56 13 19 40 16 30 54 0 
1 19 52 3 14 46 50 11 31 32 56 
15 22 53 6 31 34 51 1 18 46 59 
6 24 50 7 28 38 58 25 35 49 63 
9 28 54 2 27 45 48 10 13 52 53 
10 29 38 60 18 20 56 64 14 47 62 
8 26 40 63 12 22 60 2 37 45 50 
11 30 49 55 10 26 61 5 33 34 0 
4 32 39 64 23 37 49 9 17 22 0 
2 20 46 4 15 42 55 7 28 39 44 
5 33 44 8 16 32 62 6 27 51 0 
13 21 47 57 11 36 59 8 15 38 0 
14 31 48 62 25 30 39 63 21 43 0 
16 34 41 58 9 21 52 20 36 42 60 
17 25 42 5 24 47 53 12 19 55 64 
18 35 45 59 17 41 43 3 26 48 61 
