64 32
4 8
4 4 4 4 4 4 4 4 4 4 4 4 4 4 4 4 4 4 4 4 4 4 4 4 4 4 4 4 4 4 4 4 4 4 4 4 4 4 4 4 4 4 4 4 4 4 4 4 4 4 4 4 4 4 4 4 4 4 4 4 4 4 4 4 
8 8 8 8 8 8 8 8 8 8 8 8 8 8 8 8 8 8 8 8 8 8 8 8 8 8 8 8 8 8 8 8 
3 6 8 21 
2 3 22 28 
23 25 26 31 
12 21 24 25 
5 10 20 21 
3 17 24 26 
13 18 28 32 
1 8 23 27 
2 4 15 32 
11 12 16 30 
10 15 27 29 
7 15 17 31 
4 9 21 26 
1 5 6 19 
7 20 24 30 
4 5 11 14 
1 9 20 28 
2 12 14 23 
3 5 30 32 
6 16 29 32 
16 24 28 31 
7 8 13 19 
14 15 16 26 
2 9 17 25 
6 17 20 27 
5 12 22 27 
4 12 20 29 
18 19 26 30 
3 7 10 25 
14 19 21 29 
1 16 18 21 
9 18 22 24 
16 19 25 27 
8 12 17 28 
2 11 13 21 
5 8 22 31 
6 10 14 18 
7 9 14 27 
4 7 16 22 
2 8 24 29 
8 15 25 30 
3 11 15 19 
13 14 20 22 
1 11 22 26 
3 13 16 23 
2 10 30 31 
5 18 25 29 
17 21 22 32 
9 10 12 19 
3 18 27 31 
4 10 23 28 
9 13 29 30 
6 20 23 32 
4 19 24 31 
8 11 18 20 
10 13 17 26 
4 13 27 28 
1 12 15 26 
6 15 24 30 
6 9 23 31 
7 11 28 29 
1 14 25 32 
5 11 17 23 
1 2 7 32 
17 64 14 44 8 58 31 62 
24 40 2 35 9 64 18 46 
6 45 1 2 29 42 19 50 
27 54 16 51 13 57 9 39 
26 36 19 5 16 47 14 63 
14 37 20 59 1 60 25 53 
29 38 12 64 22 39 15 61 
1 41 22 36 55 40 8 34 
13 60 24 49 17 38 32 52 
11 49 5 37 46 56 29 51 
16 35 10 61 63 55 42 44 
18 34 4 58 26 49 10 27 
22 57 7 52 56 45 35 43 
30 43 23 38 18 62 16 37 
9 58 11 42 12 59 23 41 
31 39 21 33 10 20 23 45 
12 63 6 48 25 34 24 56 
32 55 28 50 31 37 7 47 
28 42 30 54 14 33 22 49 
15 53 25 43 27 5 17 55 
5 48 31 4 35 1 13 30 
2 44 26 39 32 43 36 48 
8 51 18 45 3 53 63 60 
4 59 32 40 15 54 6 21 
3 47 29 62 24 41 4 33 
23 56 13 6 28 44 3 58 
25 33 8 57 11 50 26 38 
7 61 17 34 21 51 2 57 
20 52 27 47 30 61 11 40 
10 46 15 41 19 52 28 59 
21 50 3 60 36 46 12 54 
19 62 9 53 7 48 20 64 
