64 18
4 13
4 4 4 4 4 4 4 4 4 4 4 4 4 4 4 4 4 4 4 4 4 4 4 4 4 4 4 4 4 4 4 4 4 4 4 4 4 4 4 4 4 4 4 4 4 4 3 2 2 2 2 2 2 2 2 2 2 2 2 2 2 2 2 2 
12 12 13 12 12 13 12 12 12 13 12 12 12 12 12 13 12 13 
1 5 8 13 
6 7 10 16 
2 6 9 12 
12 13 16 18 
3 4 7 13 
4 6 8 14 
6 7 9 18 
8 13 17 18 
9 15 16 18 
9 10 14 15 
2 8 11 12 
11 13 14 15 
1 10 14 18 
1 2 12 17 
5 6 13 17 
14 15 16 17 
2 9 13 17 
2 4 10 16 
1 3 10 12 
5 10 11 16 
4 5 8 15 
1 4 6 11 
3 5 11 13 
2 5 7 14 
7 8 11 14 
7 8 9 12 
11 16 17 18 
3 4 6 16 
7 15 16 17 
2 3 14 17 
2 4 10 18 
4 5 12 18 
6 12 15 18 
3 9 12 13 
1 8 9 10 
5 7 11 17 
1 2 6 15 
3 7 12 15 
5 10 11 18 
2 4 9 15 
1 10 13 14 
1 7 16 18 
3 4 8 17 
3 6 8 10 
1 3 14 16 
3 6 9 11 
1 5 17 0 
5 15 0 0 
1 3 0 0 
8 16 0 0 
4 10 0 0 
7 14 0 0 
13 14 0 0 
6 17 0 0 
9 10 0 0 
2 18 0 0 
6 11 0 0 
9 11 0 0 
3 18 0 0 
7 12 0 0 
2 13 0 0 
12 15 0 0 
5 8 0 0 
4 16 0 0 
49 47 13 22 42 35 37 1 19 45 14 41 0 
61 56 3 24 40 18 30 11 14 37 17 31 0 
59 49 5 34 38 23 45 46 28 44 19 30 43 
64 51 6 21 43 5 40 22 31 32 18 28 0 
48 63 47 32 20 24 39 15 23 1 21 36 0 
57 54 2 28 6 15 44 3 33 7 22 37 46 
60 52 7 25 36 2 29 5 24 38 42 26 0 
63 50 1 26 44 11 25 8 21 43 6 35 0 
55 58 9 35 3 17 34 7 26 46 10 40 0 
51 55 10 20 41 19 31 2 18 35 13 39 44 
58 57 11 27 46 22 36 12 20 39 23 25 0 
62 60 14 19 4 26 32 38 34 3 11 33 0 
53 61 15 23 1 12 41 4 17 5 8 34 0 
52 53 16 30 45 10 13 6 25 41 12 24 0 
48 62 12 33 37 9 21 10 29 40 16 38 0 
50 64 4 18 16 28 42 9 27 2 20 29 45 
54 47 17 29 8 14 43 16 30 36 15 27 0 
56 59 8 31 39 7 27 33 13 4 9 32 42 
