127 63 
33 34 
1 1 2 2 3 3 4 5 5 5 5 6 7 7 7 7 7 7 7 7 8 9 9 9 10 11 12 13 14 15 16 16 16 16 17 18 18 19 19 20 21 21 21 21 22 22 23 24 25 25 26 27 27 27 27 28 29 29 30 31 32 32 33 32 33 32 32 31 31 30 29 29 29 29 28 27 27 27 27 27 27 27 27 26 25 25 25 24 23 22 21 20 19 18 18 18 18 17 16 16 15 15 14 13 13 13 13 12 12 11 10 9 9 8 7 7 7 7 6 5 5 4 3 2 2 1 1 
34 34 34 34 34 34 34 34 34 34 34 34 34 34 34 34 34 34 34 34 34 34 34 34 34 34 34 34 34 34 34 34 34 34 34 34 34 34 34 34 34 34 34 34 34 34 34 34 34 34 34 34 34 34 34 34 34 34 34 34 34 34 34 
1 0 0 0 0 0 0 0 0 0 0 0 0 0 0 0 0 0 0 0 0 0 0 0 0 0 0 0 0 0 0 0 0 
2 0 0 0 0 0 0 0 0 0 0 0 0 0 0 0 0 0 0 0 0 0 0 0 0 0 0 0 0 0 0 0 0 
1 3 0 0 0 0 0 0 0 0 0 0 0 0 0 0 0 0 0 0 0 0 0 0 0 0 0 0 0 0 0 0 0 
2 4 0 0 0 0 0 0 0 0 0 0 0 0 0 0 0 0 0 0 0 0 0 0 0 0 0 0 0 0 0 0 0 
1 3 5 0 0 0 0 0 0 0 0 0 0 0 0 0 0 0 0 0 0 0 0 0 0 0 0 0 0 0 0 0 0 
2 4 6 0 0 0 0 0 0 0 0 0 0 0 0 0 0 0 0 0 0 0 0 0 0 0 0 0 0 0 0 0 0 
1 3 5 7 0 0 0 0 0 0 0 0 0 0 0 0 0 0 0 0 0 0 0 0 0 0 0 0 0 0 0 0 0 
1 2 4 6 8 0 0 0 0 0 0 0 0 0 0 0 0 0 0 0 0 0 0 0 0 0 0 0 0 0 0 0 0 
2 3 5 7 9 0 0 0 0 0 0 0 0 0 0 0 0 0 0 0 0 0 0 0 0 0 0 0 0 0 0 0 0 
3 4 6 8 10 0 0 0 0 0 0 0 0 0 0 0 0 0 0 0 0 0 0 0 0 0 0 0 0 0 0 0 0 
4 5 7 9 11 0 0 0 0 0 0 0 0 0 0 0 0 0 0 0 0 0 0 0 0 0 0 0 0 0 0 0 0 
1 5 6 8 10 12 0 0 0 0 0 0 0 0 0 0 0 0 0 0 0 0 0 0 0 0 0 0 0 0 0 0 0 
1 2 6 7 9 11 13 0 0 0 0 0 0 0 0 0 0 0 0 0 0 0 0 0 0 0 0 0 0 0 0 0 0 
2 3 7 8 10 12 14 0 0 0 0 0 0 0 0 0 0 0 0 0 0 0 0 0 0 0 0 0 0 0 0 0 0 
3 4 8 9 11 13 15 0 0 0 0 0 0 0 0 0 0 0 0 0 0 0 0 0 0 0 0 0 0 0 0 0 0 
4 5 9 10 12 14 16 0 0 0 0 0 0 0 0 0 0 0 0 0 0 0 0 0 0 0 0 0 0 0 0 0 0 
5 6 10 11 13 15 17 0 0 0 0 0 0 0 0 0 0 0 0 0 0 0 0 0 0 0 0 0 0 0 0 0 0 
6 7 11 12 14 16 18 0 0 0 0 0 0 0 0 0 0 0 0 0 0 0 0 0 0 0 0 0 0 0 0 0 0 
7 8 12 13 15 17 19 0 0 0 0 0 0 0 0 0 0 0 0 0 0 0 0 0 0 0 0 0 0 0 0 0 0 
8 9 13 14 16 18 20 0 0 0 0 0 0 0 0 0 0 0 0 0 0 0 0 0 0 0 0 0 0 0 0 0 0 
1 9 10 14 15 17 19 21 0 0 0 0 0 0 0 0 0 0 0 0 0 0 0 0 0 0 0 0 0 0 0 0 0 
1 2 10 11 15 16 18 20 22 0 0 0 0 0 0 0 0 0 0 0 0 0 0 0 0 0 0 0 0 0 0 0 0 
2 3 11 12 16 17 19 21 23 0 0 0 0 0 0 0 0 0 0 0 0 0 0 0 0 0 0 0 0 0 0 0 0 
3 4 12 13 17 18 20 22 24 0 0 0 0 0 0 0 0 0 0 0 0 0 0 0 0 0 0 0 0 0 0 0 0 
1 4 5 13 14 18 19 21 23 25 0 0 0 0 0 0 0 0 0 0 0 0 0 0 0 0 0 0 0 0 0 0 0 
1 2 5 6 14 15 19 20 22 24 26 0 0 0 0 0 0 0 0 0 0 0 0 0 0 0 0 0 0 0 0 0 0 
1 2 3 6 7 15 16 20 21 23 25 27 0 0 0 0 0 0 0 0 0 0 0 0 0 0 0 0 0 0 0 0 0 
1 2 3 4 7 8 16 17 21 22 24 26 28 0 0 0 0 0 0 0 0 0 0 0 0 0 0 0 0 0 0 0 0 
1 2 3 4 5 8 9 17 18 22 23 25 27 29 0 0 0 0 0 0 0 0 0 0 0 0 0 0 0 0 0 0 0 
1 2 3 4 5 6 9 10 18 19 23 24 26 28 30 0 0 0 0 0 0 0 0 0 0 0 0 0 0 0 0 0 0 
1 2 3 4 5 6 7 10 11 19 20 24 25 27 29 31 0 0 0 0 0 0 0 0 0 0 0 0 0 0 0 0 0 
2 3 4 5 6 7 8 11 12 20 21 25 26 28 30 32 0 0 0 0 0 0 0 0 0 0 0 0 0 0 0 0 0 
3 4 5 6 7 8 9 12 13 21 22 26 27 29 31 33 0 0 0 0 0 0 0 0 0 0 0 0 0 0 0 0 0 
4 5 6 7 8 9 10 13 14 22 23 27 28 30 32 34 0 0 0 0 0 0 0 0 0 0 0 0 0 0 0 0 0 
1 5 6 7 8 9 10 11 14 15 23 24 28 29 31 33 35 0 0 0 0 0 0 0 0 0 0 0 0 0 0 0 0 
1 2 6 7 8 9 10 11 12 15 16 24 25 29 30 32 34 36 0 0 0 0 0 0 0 0 0 0 0 0 0 0 0 
2 3 7 8 9 10 11 12 13 16 17 25 26 30 31 33 35 37 0 0 0 0 0 0 0 0 0 0 0 0 0 0 0 
1 3 4 8 9 10 11 12 13 14 17 18 26 27 31 32 34 36 38 0 0 0 0 0 0 0 0 0 0 0 0 0 0 
2 4 5 9 10 11 12 13 14 15 18 19 27 28 32 33 35 37 39 0 0 0 0 0 0 0 0 0 0 0 0 0 0 
1 3 5 6 10 11 12 13 14 15 16 19 20 28 29 33 34 36 38 40 0 0 0 0 0 0 0 0 0 0 0 0 0 
1 2 4 6 7 11 12 13 14 15 16 17 20 21 29 30 34 35 37 39 41 0 0 0 0 0 0 0 0 0 0 0 0 
2 3 5 7 8 12 13 14 15 16 17 18 21 22 30 31 35 36 38 40 42 0 0 0 0 0 0 0 0 0 0 0 0 
3 4 6 8 9 13 14 15 16 17 18 19 22 23 31 32 36 37 39 41 43 0 0 0 0 0 0 0 0 0 0 0 0 
4 5 7 9 10 14 15 16 17 18 19 20 23 24 32 33 37 38 40 42 44 0 0 0 0 0 0 0 0 0 0 0 0 
1 5 6 8 10 11 15 16 17 18 19 20 21 24 25 33 34 38 39 41 43 45 0 0 0 0 0 0 0 0 0 0 0 
2 6 7 9 11 12 16 17 18 19 20 21 22 25 26 34 35 39 40 42 44 46 0 0 0 0 0 0 0 0 0 0 0 
1 3 7 8 10 12 13 17 18 19 20 21 22 23 26 27 35 36 40 41 43 45 47 0 0 0 0 0 0 0 0 0 0 
1 2 4 8 9 11 13 14 18 19 20 21 22 23 24 27 28 36 37 41 42 44 46 48 0 0 0 0 0 0 0 0 0 
1 2 3 5 9 10 12 14 15 19 20 21 22 23 24 25 28 29 37 38 42 43 45 47 49 0 0 0 0 0 0 0 0 
2 3 4 6 10 11 13 15 16 20 21 22 23 24 25 26 29 30 38 39 43 44 46 48 50 0 0 0 0 0 0 0 0 
1 3 4 5 7 11 12 14 16 17 21 22 23 24 25 26 27 30 31 39 40 44 45 47 49 51 0 0 0 0 0 0 0 
1 2 4 5 6 8 12 13 15 17 18 22 23 24 25 26 27 28 31 32 40 41 45 46 48 50 52 0 0 0 0 0 0 
2 3 5 6 7 9 13 14 16 18 19 23 24 25 26 27 28 29 32 33 41 42 46 47 49 51 53 0 0 0 0 0 0 
3 4 6 7 8 10 14 15 17 19 20 24 25 26 27 28 29 30 33 34 42 43 47 48 50 52 54 0 0 0 0 0 0 
4 5 7 8 9 11 15 16 18 20 21 25 26 27 28 29 30 31 34 35 43 44 48 49 51 53 55 0 0 0 0 0 0 
1 5 6 8 9 10 12 16 17 19 21 22 26 27 28 29 30 31 32 35 36 44 45 49 50 52 54 56 0 0 0 0 0 
1 2 6 7 9 10 11 13 17 18 20 22 23 27 28 29 30 31 32 33 36 37 45 46 50 51 53 55 57 0 0 0 0 
2 3 7 8 10 11 12 14 18 19 21 23 24 28 29 30 31 32 33 34 37 38 46 47 51 52 54 56 58 0 0 0 0 
1 3 4 8 9 11 12 13 15 19 20 22 24 25 29 30 31 32 33 34 35 38 39 47 48 52 53 55 57 59 0 0 0 
1 2 4 5 9 10 12 13 14 16 20 21 23 25 26 30 31 32 33 34 35 36 39 40 48 49 53 54 56 58 60 0 0 
1 2 3 5 6 10 11 13 14 15 17 21 22 24 26 27 31 32 33 34 35 36 37 40 41 49 50 54 55 57 59 61 0 
2 3 4 6 7 11 12 14 15 16 18 22 23 25 27 28 32 33 34 35 36 37 38 41 42 50 51 55 56 58 60 62 0 
1 3 4 5 7 8 12 13 15 16 17 19 23 24 26 28 29 33 34 35 36 37 38 39 42 43 51 52 56 57 59 61 63 
2 4 5 6 8 9 13 14 16 17 18 20 24 25 27 29 30 34 35 36 37 38 39 40 43 44 52 53 57 58 60 62 0 
1 3 5 6 7 9 10 14 15 17 18 19 21 25 26 28 30 31 35 36 37 38 39 40 41 44 45 53 54 58 59 61 63 
2 4 6 7 8 10 11 15 16 18 19 20 22 26 27 29 31 32 36 37 38 39 40 41 42 45 46 54 55 59 60 62 0 
3 5 7 8 9 11 12 16 17 19 20 21 23 27 28 30 32 33 37 38 39 40 41 42 43 46 47 55 56 60 61 63 0 
4 6 8 9 10 12 13 17 18 20 21 22 24 28 29 31 33 34 38 39 40 41 42 43 44 47 48 56 57 61 62 0 0 
5 7 9 10 11 13 14 18 19 21 22 23 25 29 30 32 34 35 39 40 41 42 43 44 45 48 49 57 58 62 63 0 0 
6 8 10 11 12 14 15 19 20 22 23 24 26 30 31 33 35 36 40 41 42 43 44 45 46 49 50 58 59 63 0 0 0 
7 9 11 12 13 15 16 20 21 23 24 25 27 31 32 34 36 37 41 42 43 44 45 46 47 50 51 59 60 0 0 0 0 
8 10 12 13 14 16 17 21 22 24 25 26 28 32 33 35 37 38 42 43 44 45 46 47 48 51 52 60 61 0 0 0 0 
9 11 13 14 15 17 18 22 23 25 26 27 29 33 34 36 38 39 43 44 45 46 47 48 49 52 53 61 62 0 0 0 0 
10 12 14 15 16 18 19 23 24 26 27 28 30 34 35 37 39 40 44 45 46 47 48 49 50 53 54 62 63 0 0 0 0 
11 13 15 16 17 19 20 24 25 27 28 29 31 35 36 38 40 41 45 46 47 48 49 50 51 54 55 63 0 0 0 0 0 
12 14 16 17 18 20 21 25 26 28 29 30 32 36 37 39 41 42 46 47 48 49 50 51 52 55 56 0 0 0 0 0 0 
13 15 17 18 19 21 22 26 27 29 30 31 33 37 38 40 42 43 47 48 49 50 51 52 53 56 57 0 0 0 0 0 0 
14 16 18 19 20 22 23 27 28 30 31 32 34 38 39 41 43 44 48 49 50 51 52 53 54 57 58 0 0 0 0 0 0 
15 17 19 20 21 23 24 28 29 31 32 33 35 39 40 42 44 45 49 50 51 52 53 54 55 58 59 0 0 0 0 0 0 
16 18 20 21 22 24 25 29 30 32 33 34 36 40 41 43 45 46 50 51 52 53 54 55 56 59 60 0 0 0 0 0 0 
17 19 21 22 23 25 26 30 31 33 34 35 37 41 42 44 46 47 51 52 53 54 55 56 57 60 61 0 0 0 0 0 0 
18 20 22 23 24 26 27 31 32 34 35 36 38 42 43 45 47 48 52 53 54 55 56 57 58 61 62 0 0 0 0 0 0 
19 21 23 24 25 27 28 32 33 35 36 37 39 43 44 46 48 49 53 54 55 56 57 58 59 62 63 0 0 0 0 0 0 
20 22 24 25 26 28 29 33 34 36 37 38 40 44 45 47 49 50 54 55 56 57 58 59 60 63 0 0 0 0 0 0 0 
21 23 25 26 27 29 30 34 35 37 38 39 41 45 46 48 50 51 55 56 57 58 59 60 61 0 0 0 0 0 0 0 0 
22 24 26 27 28 30 31 35 36 38 39 40 42 46 47 49 51 52 56 57 58 59 60 61 62 0 0 0 0 0 0 0 0 
23 25 27 28 29 31 32 36 37 39 40 41 43 47 48 50 52 53 57 58 59 60 61 62 63 0 0 0 0 0 0 0 0 
24 26 28 29 30 32 33 37 38 40 41 42 44 48 49 51 53 54 58 59 60 61 62 63 0 0 0 0 0 0 0 0 0 
25 27 29 30 31 33 34 38 39 41 42 43 45 49 50 52 54 55 59 60 61 62 63 0 0 0 0 0 0 0 0 0 0 
26 28 30 31 32 34 35 39 40 42 43 44 46 50 51 53 55 56 60 61 62 63 0 0 0 0 0 0 0 0 0 0 0 
27 29 31 32 33 35 36 40 41 43 44 45 47 51 52 54 56 57 61 62 63 0 0 0 0 0 0 0 0 0 0 0 0 
28 30 32 33 34 36 37 41 42 44 45 46 48 52 53 55 57 58 62 63 0 0 0 0 0 0 0 0 0 0 0 0 0 
29 31 33 34 35 37 38 42 43 45 46 47 49 53 54 56 58 59 63 0 0 0 0 0 0 0 0 0 0 0 0 0 0 
30 32 34 35 36 38 39 43 44 46 47 48 50 54 55 57 59 60 0 0 0 0 0 0 0 0 0 0 0 0 0 0 0 
31 33 35 36 37 39 40 44 45 47 48 49 51 55 56 58 60 61 0 0 0 0 0 0 0 0 0 0 0 0 0 0 0 
32 34 36 37 38 40 41 45 46 48 49 50 52 56 57 59 61 62 0 0 0 0 0 0 0 0 0 0 0 0 0 0 0 
33 35 37 38 39 41 42 46 47 49 50 51 53 57 58 60 62 63 0 0 0 0 0 0 0 0 0 0 0 0 0 0 0 
34 36 38 39 40 42 43 47 48 50 51 52 54 58 59 61 63 0 0 0 0 0 0 0 0 0 0 0 0 0 0 0 0 
35 37 39 40 41 43 44 48 49 51 52 53 55 59 60 62 0 0 0 0 0 0 0 0 0 0 0 0 0 0 0 0 0 
36 38 40 41 42 44 45 49 50 52 53 54 56 60 61 63 0 0 0 0 0 0 0 0 0 0 0 0 0 0 0 0 0 
37 39 41 42 43 45 46 50 51 53 54 55 57 61 62 0 0 0 0 0 0 0 0 0 0 0 0 0 0 0 0 0 0 
38 40 42 43 44 46 47 51 52 54 55 56 58 62 63 0 0 0 0 0 0 0 0 0 0 0 0 0 0 0 0 0 0 
39 41 43 44 45 47 48 52 53 55 56 57 59 63 0 0 0 0 0 0 0 0 0 0 0 0 0 0 0 0 0 0 0 
40 42 44 45 46 48 49 53 54 56 57 58 60 0 0 0 0 0 0 0 0 0 0 0 0 0 0 0 0 0 0 0 0 
41 43 45 46 47 49 50 54 55 57 58 59 61 0 0 0 0 0 0 0 0 0 0 0 0 0 0 0 0 0 0 0 0 
42 44 46 47 48 50 51 55 56 58 59 60 62 0 0 0 0 0 0 0 0 0 0 0 0 0 0 0 0 0 0 0 0 
43 45 47 48 49 51 52 56 57 59 60 61 63 0 0 0 0 0 0 0 0 0 0 0 0 0 0 0 0 0 0 0 0 
44 46 48 49 50 52 53 57 58 60 61 62 0 0 0 0 0 0 0 0 0 0 0 0 0 0 0 0 0 0 0 0 0 
45 47 49 50 51 53 54 58 59 61 62 63 0 0 0 0 0 0 0 0 0 0 0 0 0 0 0 0 0 0 0 0 0 
46 48 50 51 52 54 55 59 60 62 63 0 0 0 0 0 0 0 0 0 0 0 0 0 0 0 0 0 0 0 0 0 0 
47 49 51 52 53 55 56 60 61 63 0 0 0 0 0 0 0 0 0 0 0 0 0 0 0 0 0 0 0 0 0 0 0 
48 50 52 53 54 56 57 61 62 0 0 0 0 0 0 0 0 0 0 0 0 0 0 0 0 0 0 0 0 0 0 0 0 
49 51 53 54 55 57 58 62 63 0 0 0 0 0 0 0 0 0 0 0 0 0 0 0 0 0 0 0 0 0 0 0 0 
50 52 54 55 56 58 59 63 0 0 0 0 0 0 0 0 0 0 0 0 0 0 0 0 0 0 0 0 0 0 0 0 0 
51 53 55 56 57 59 60 0 0 0 0 0 0 0 0 0 0 0 0 0 0 0 0 0 0 0 0 0 0 0 0 0 0 
52 54 56 57 58 60 61 0 0 0 0 0 0 0 0 0 0 0 0 0 0 0 0 0 0 0 0 0 0 0 0 0 0 
53 55 57 58 59 61 62 0 0 0 0 0 0 0 0 0 0 0 0 0 0 0 0 0 0 0 0 0 0 0 0 0 0 
54 56 58 59 60 62 63 0 0 0 0 0 0 0 0 0 0 0 0 0 0 0 0 0 0 0 0 0 0 0 0 0 0 
55 57 59 60 61 63 0 0 0 0 0 0 0 0 0 0 0 0 0 0 0 0 0 0 0 0 0 0 0 0 0 0 0 
56 58 60 61 62 0 0 0 0 0 0 0 0 0 0 0 0 0 0 0 0 0 0 0 0 0 0 0 0 0 0 0 0 
57 59 61 62 63 0 0 0 0 0 0 0 0 0 0 0 0 0 0 0 0 0 0 0 0 0 0 0 0 0 0 0 0 
58 60 62 63 0 0 0 0 0 0 0 0 0 0 0 0 0 0 0 0 0 0 0 0 0 0 0 0 0 0 0 0 0 
59 61 63 0 0 0 0 0 0 0 0 0 0 0 0 0 0 0 0 0 0 0 0 0 0 0 0 0 0 0 0 0 0 
60 62 0 0 0 0 0 0 0 0 0 0 0 0 0 0 0 0 0 0 0 0 0 0 0 0 0 0 0 0 0 0 0 
61 63 0 0 0 0 0 0 0 0 0 0 0 0 0 0 0 0 0 0 0 0 0 0 0 0 0 0 0 0 0 0 0 
62 0 0 0 0 0 0 0 0 0 0 0 0 0 0 0 0 0 0 0 0 0 0 0 0 0 0 0 0 0 0 0 0 
63 0 0 0 0 0 0 0 0 0 0 0 0 0 0 0 0 0 0 0 0 0 0 0 0 0 0 0 0 0 0 0 0 
1 3 5 7 8 12 13 21 22 25 26 27 28 29 30 31 35 36 38 40 41 45 47 48 49 51 52 56 57 59 60 61 63 65 
2 4 6 8 9 13 14 22 23 26 27 28 29 30 31 32 36 37 39 41 42 46 48 49 50 52 53 57 58 60 61 62 64 66 
3 5 7 9 10 14 15 23 24 27 28 29 30 31 32 33 37 38 40 42 43 47 49 50 51 53 54 58 59 61 62 63 65 67 
4 6 8 10 11 15 16 24 25 28 29 30 31 32 33 34 38 39 41 43 44 48 50 51 52 54 55 59 60 62 63 64 66 68 
5 7 9 11 12 16 17 25 26 29 30 31 32 33 34 35 39 40 42 44 45 49 51 52 53 55 56 60 61 63 64 65 67 69 
6 8 10 12 13 17 18 26 27 30 31 32 33 34 35 36 40 41 43 45 46 50 52 53 54 56 57 61 62 64 65 66 68 70 
7 9 11 13 14 18 19 27 28 31 32 33 34 35 36 37 41 42 44 46 47 51 53 54 55 57 58 62 63 65 66 67 69 71 
8 10 12 14 15 19 20 28 29 32 33 34 35 36 37 38 42 43 45 47 48 52 54 55 56 58 59 63 64 66 67 68 70 72 
9 11 13 15 16 20 21 29 30 33 34 35 36 37 38 39 43 44 46 48 49 53 55 56 57 59 60 64 65 67 68 69 71 73 
10 12 14 16 17 21 22 30 31 34 35 36 37 38 39 40 44 45 47 49 50 54 56 57 58 60 61 65 66 68 69 70 72 74 
11 13 15 17 18 22 23 31 32 35 36 37 38 39 40 41 45 46 48 50 51 55 57 58 59 61 62 66 67 69 70 71 73 75 
12 14 16 18 19 23 24 32 33 36 37 38 39 40 41 42 46 47 49 51 52 56 58 59 60 62 63 67 68 70 71 72 74 76 
13 15 17 19 20 24 25 33 34 37 38 39 40 41 42 43 47 48 50 52 53 57 59 60 61 63 64 68 69 71 72 73 75 77 
14 16 18 20 21 25 26 34 35 38 39 40 41 42 43 44 48 49 51 53 54 58 60 61 62 64 65 69 70 72 73 74 76 78 
15 17 19 21 22 26 27 35 36 39 40 41 42 43 44 45 49 50 52 54 55 59 61 62 63 65 66 70 71 73 74 75 77 79 
16 18 20 22 23 27 28 36 37 40 41 42 43 44 45 46 50 51 53 55 56 60 62 63 64 66 67 71 72 74 75 76 78 80 
17 19 21 23 24 28 29 37 38 41 42 43 44 45 46 47 51 52 54 56 57 61 63 64 65 67 68 72 73 75 76 77 79 81 
18 20 22 24 25 29 30 38 39 42 43 44 45 46 47 48 52 53 55 57 58 62 64 65 66 68 69 73 74 76 77 78 80 82 
19 21 23 25 26 30 31 39 40 43 44 45 46 47 48 49 53 54 56 58 59 63 65 66 67 69 70 74 75 77 78 79 81 83 
20 22 24 26 27 31 32 40 41 44 45 46 47 48 49 50 54 55 57 59 60 64 66 67 68 70 71 75 76 78 79 80 82 84 
21 23 25 27 28 32 33 41 42 45 46 47 48 49 50 51 55 56 58 60 61 65 67 68 69 71 72 76 77 79 80 81 83 85 
22 24 26 28 29 33 34 42 43 46 47 48 49 50 51 52 56 57 59 61 62 66 68 69 70 72 73 77 78 80 81 82 84 86 
23 25 27 29 30 34 35 43 44 47 48 49 50 51 52 53 57 58 60 62 63 67 69 70 71 73 74 78 79 81 82 83 85 87 
24 26 28 30 31 35 36 44 45 48 49 50 51 52 53 54 58 59 61 63 64 68 70 71 72 74 75 79 80 82 83 84 86 88 
25 27 29 31 32 36 37 45 46 49 50 51 52 53 54 55 59 60 62 64 65 69 71 72 73 75 76 80 81 83 84 85 87 89 
26 28 30 32 33 37 38 46 47 50 51 52 53 54 55 56 60 61 63 65 66 70 72 73 74 76 77 81 82 84 85 86 88 90 
27 29 31 33 34 38 39 47 48 51 52 53 54 55 56 57 61 62 64 66 67 71 73 74 75 77 78 82 83 85 86 87 89 91 
28 30 32 34 35 39 40 48 49 52 53 54 55 56 57 58 62 63 65 67 68 72 74 75 76 78 79 83 84 86 87 88 90 92 
29 31 33 35 36 40 41 49 50 53 54 55 56 57 58 59 63 64 66 68 69 73 75 76 77 79 80 84 85 87 88 89 91 93 
30 32 34 36 37 41 42 50 51 54 55 56 57 58 59 60 64 65 67 69 70 74 76 77 78 80 81 85 86 88 89 90 92 94 
31 33 35 37 38 42 43 51 52 55 56 57 58 59 60 61 65 66 68 70 71 75 77 78 79 81 82 86 87 89 90 91 93 95 
32 34 36 38 39 43 44 52 53 56 57 58 59 60 61 62 66 67 69 71 72 76 78 79 80 82 83 87 88 90 91 92 94 96 
33 35 37 39 40 44 45 53 54 57 58 59 60 61 62 63 67 68 70 72 73 77 79 80 81 83 84 88 89 91 92 93 95 97 
34 36 38 40 41 45 46 54 55 58 59 60 61 62 63 64 68 69 71 73 74 78 80 81 82 84 85 89 90 92 93 94 96 98 
35 37 39 41 42 46 47 55 56 59 60 61 62 63 64 65 69 70 72 74 75 79 81 82 83 85 86 90 91 93 94 95 97 99 
36 38 40 42 43 47 48 56 57 60 61 62 63 64 65 66 70 71 73 75 76 80 82 83 84 86 87 91 92 94 95 96 98 100 
37 39 41 43 44 48 49 57 58 61 62 63 64 65 66 67 71 72 74 76 77 81 83 84 85 87 88 92 93 95 96 97 99 101 
38 40 42 44 45 49 50 58 59 62 63 64 65 66 67 68 72 73 75 77 78 82 84 85 86 88 89 93 94 96 97 98 100 102 
39 41 43 45 46 50 51 59 60 63 64 65 66 67 68 69 73 74 76 78 79 83 85 86 87 89 90 94 95 97 98 99 101 103 
40 42 44 46 47 51 52 60 61 64 65 66 67 68 69 70 74 75 77 79 80 84 86 87 88 90 91 95 96 98 99 100 102 104 
41 43 45 47 48 52 53 61 62 65 66 67 68 69 70 71 75 76 78 80 81 85 87 88 89 91 92 96 97 99 100 101 103 105 
42 44 46 48 49 53 54 62 63 66 67 68 69 70 71 72 76 77 79 81 82 86 88 89 90 92 93 97 98 100 101 102 104 106 
43 45 47 49 50 54 55 63 64 67 68 69 70 71 72 73 77 78 80 82 83 87 89 90 91 93 94 98 99 101 102 103 105 107 
44 46 48 50 51 55 56 64 65 68 69 70 71 72 73 74 78 79 81 83 84 88 90 91 92 94 95 99 100 102 103 104 106 108 
45 47 49 51 52 56 57 65 66 69 70 71 72 73 74 75 79 80 82 84 85 89 91 92 93 95 96 100 101 103 104 105 107 109 
46 48 50 52 53 57 58 66 67 70 71 72 73 74 75 76 80 81 83 85 86 90 92 93 94 96 97 101 102 104 105 106 108 110 
47 49 51 53 54 58 59 67 68 71 72 73 74 75 76 77 81 82 84 86 87 91 93 94 95 97 98 102 103 105 106 107 109 111 
48 50 52 54 55 59 60 68 69 72 73 74 75 76 77 78 82 83 85 87 88 92 94 95 96 98 99 103 104 106 107 108 110 112 
49 51 53 55 56 60 61 69 70 73 74 75 76 77 78 79 83 84 86 88 89 93 95 96 97 99 100 104 105 107 108 109 111 113 
50 52 54 56 57 61 62 70 71 74 75 76 77 78 79 80 84 85 87 89 90 94 96 97 98 100 101 105 106 108 109 110 112 114 
51 53 55 57 58 62 63 71 72 75 76 77 78 79 80 81 85 86 88 90 91 95 97 98 99 101 102 106 107 109 110 111 113 115 
52 54 56 58 59 63 64 72 73 76 77 78 79 80 81 82 86 87 89 91 92 96 98 99 100 102 103 107 108 110 111 112 114 116 
53 55 57 59 60 64 65 73 74 77 78 79 80 81 82 83 87 88 90 92 93 97 99 100 101 103 104 108 109 111 112 113 115 117 
54 56 58 60 61 65 66 74 75 78 79 80 81 82 83 84 88 89 91 93 94 98 100 101 102 104 105 109 110 112 113 114 116 118 
55 57 59 61 62 66 67 75 76 79 80 81 82 83 84 85 89 90 92 94 95 99 101 102 103 105 106 110 111 113 114 115 117 119 
56 58 60 62 63 67 68 76 77 80 81 82 83 84 85 86 90 91 93 95 96 100 102 103 104 106 107 111 112 114 115 116 118 120 
57 59 61 63 64 68 69 77 78 81 82 83 84 85 86 87 91 92 94 96 97 101 103 104 105 107 108 112 113 115 116 117 119 121 
58 60 62 64 65 69 70 78 79 82 83 84 85 86 87 88 92 93 95 97 98 102 104 105 106 108 109 113 114 116 117 118 120 122 
59 61 63 65 66 70 71 79 80 83 84 85 86 87 88 89 93 94 96 98 99 103 105 106 107 109 110 114 115 117 118 119 121 123 
60 62 64 66 67 71 72 80 81 84 85 86 87 88 89 90 94 95 97 99 100 104 106 107 108 110 111 115 116 118 119 120 122 124 
61 63 65 67 68 72 73 81 82 85 86 87 88 89 90 91 95 96 98 100 101 105 107 108 109 111 112 116 117 119 120 121 123 125 
62 64 66 68 69 73 74 82 83 86 87 88 89 90 91 92 96 97 99 101 102 106 108 109 110 112 113 117 118 120 121 122 124 126 
63 65 67 69 70 74 75 83 84 87 88 89 90 91 92 93 97 98 100 102 103 107 109 110 111 113 114 118 119 121 122 123 125 127