63 18 
11 24 
1 2 2 2 3 4 4 4 5 5 5 5 5 5 6 7 7 7 7 6 6 7 7 7 8 9 8 8 9 10 10 11 10 9 10 10 10 10 11 11 11 11 10 9 10 11 10 9 9 8 8 8 7 7 6 6 5 4 3 2 2 2 1 
24 24 24 24 24 24 24 24 24 24 24 24 24 24 24 24 24 24 
1 0 0 0 0 0 0 0 0 0 0 
1 2 0 0 0 0 0 0 0 0 0 
2 3 0 0 0 0 0 0 0 0 0 
3 4 0 0 0 0 0 0 0 0 0 
1 4 5 0 0 0 0 0 0 0 0 
1 2 5 6 0 0 0 0 0 0 0 
2 3 6 7 0 0 0 0 0 0 0 
3 4 7 8 0 0 0 0 0 0 0 
1 4 5 8 9 0 0 0 0 0 0 
2 5 6 9 10 0 0 0 0 0 0 
3 6 7 10 11 0 0 0 0 0 0 
4 7 8 11 12 0 0 0 0 0 0 
5 8 9 12 13 0 0 0 0 0 0 
6 9 10 13 14 0 0 0 0 0 0 
1 7 10 11 14 15 0 0 0 0 0 
1 2 8 11 12 15 16 0 0 0 0 
2 3 9 12 13 16 17 0 0 0 0 
3 4 10 13 14 17 18 0 0 0 0 
1 4 5 11 14 15 18 0 0 0 0 
2 5 6 12 15 16 0 0 0 0 0 
3 6 7 13 16 17 0 0 0 0 0 
1 4 7 8 14 17 18 0 0 0 0 
1 2 5 8 9 15 18 0 0 0 0 
1 2 3 6 9 10 16 0 0 0 0 
1 2 3 4 7 10 11 17 0 0 0 
1 2 3 4 5 8 11 12 18 0 0 
2 3 4 5 6 9 12 13 0 0 0 
3 4 5 6 7 10 13 14 0 0 0 
1 4 5 6 7 8 11 14 15 0 0 
1 2 5 6 7 8 9 12 15 16 0 
2 3 6 7 8 9 10 13 16 17 0 
1 3 4 7 8 9 10 11 14 17 18 
2 4 5 8 9 10 11 12 15 18 0 
3 5 6 9 10 11 12 13 16 0 0 
1 4 6 7 10 11 12 13 14 17 0 
2 5 7 8 11 12 13 14 15 18 0 
1 3 6 8 9 12 13 14 15 16 0 
2 4 7 9 10 13 14 15 16 17 0 
1 3 5 8 10 11 14 15 16 17 18 
1 2 4 6 9 11 12 15 16 17 18 
1 2 3 5 7 10 12 13 16 17 18 
1 2 3 4 6 8 11 13 14 17 18 
2 3 4 5 7 9 12 14 15 18 0 
3 4 5 6 8 10 13 15 16 0 0 
1 4 5 6 7 9 11 14 16 17 0 
1 2 5 6 7 8 10 12 15 17 18 
2 3 6 7 8 9 11 13 16 18 0 
3 4 7 8 9 10 12 14 17 0 0 
4 5 8 9 10 11 13 15 18 0 0 
5 6 9 10 11 12 14 16 0 0 0 
6 7 10 11 12 13 15 17 0 0 0 
7 8 11 12 13 14 16 18 0 0 0 
8 9 12 13 14 15 17 0 0 0 0 
9 10 13 14 15 16 18 0 0 0 0 
10 11 14 15 16 17 0 0 0 0 0 
11 12 15 16 17 18 0 0 0 0 0 
12 13 16 17 18 0 0 0 0 0 0 
13 14 17 18 0 0 0 0 0 0 0 
14 15 18 0 0 0 0 0 0 0 0 
15 16 0 0 0 0 0 0 0 0 0 
16 17 0 0 0 0 0 0 0 0 0 
17 18 0 0 0 0 0 0 0 0 0 
18 0 0 0 0 0 0 0 0 0 0 
1 2 5 6 9 15 16 19 22 23 24 25 26 29 30 32 35 37 39 40 41 42 45 46 
2 3 6 7 10 16 17 20 23 24 25 26 27 30 31 33 36 38 40 41 42 43 46 47 
3 4 7 8 11 17 18 21 24 25 26 27 28 31 32 34 37 39 41 42 43 44 47 48 
4 5 8 9 12 18 19 22 25 26 27 28 29 32 33 35 38 40 42 43 44 45 48 49 
5 6 9 10 13 19 20 23 26 27 28 29 30 33 34 36 39 41 43 44 45 46 49 50 
6 7 10 11 14 20 21 24 27 28 29 30 31 34 35 37 40 42 44 45 46 47 50 51 
7 8 11 12 15 21 22 25 28 29 30 31 32 35 36 38 41 43 45 46 47 48 51 52 
8 9 12 13 16 22 23 26 29 30 31 32 33 36 37 39 42 44 46 47 48 49 52 53 
9 10 13 14 17 23 24 27 30 31 32 33 34 37 38 40 43 45 47 48 49 50 53 54 
10 11 14 15 18 24 25 28 31 32 33 34 35 38 39 41 44 46 48 49 50 51 54 55 
11 12 15 16 19 25 26 29 32 33 34 35 36 39 40 42 45 47 49 50 51 52 55 56 
12 13 16 17 20 26 27 30 33 34 35 36 37 40 41 43 46 48 50 51 52 53 56 57 
13 14 17 18 21 27 28 31 34 35 36 37 38 41 42 44 47 49 51 52 53 54 57 58 
14 15 18 19 22 28 29 32 35 36 37 38 39 42 43 45 48 50 52 53 54 55 58 59 
15 16 19 20 23 29 30 33 36 37 38 39 40 43 44 46 49 51 53 54 55 56 59 60 
16 17 20 21 24 30 31 34 37 38 39 40 41 44 45 47 50 52 54 55 56 57 60 61 
17 18 21 22 25 31 32 35 38 39 40 41 42 45 46 48 51 53 55 56 57 58 61 62 
18 19 22 23 26 32 33 36 39 40 41 42 43 46 47 49 52 54 56 57 58 59 62 63